None
None
None
None
120
(286.4788975654116, 'deg')
(57.29577951308232, 'deg')
45.0
(-0.9589242746631385, 'rad')
2.23606797749979
pi1
4.141592653589793
15.707963267948966
1.7724538509055159
23.140692632779267
20.085536923187668
148.4131591025766
555555555
5.141592653589793
e
2.718281828459045
20.085536923187668
3.718281828459045
2.718281828459045
2.718281828459045
(286.4788975654116, 'deg')
(155.74607629780772, 'deg')
5.0
10.0
-0.9589242746631385
2.718281828459045
0.28366218546322625
7.0
25.0
45.0
